     0.000  4.0000  2.3800
     1.000  4.0000  2.3800
     2.000  4.0000  2.3800
     2.000  6.0000  3.5700
     3.000  6.0000  3.5700
     4.000  6.0000  3.5700
     5.000  6.0000  3.5700
     6.000  6.0000  3.5700
     7.000  6.0000  3.5700
     8.000  6.0000  3.5700
     9.000  6.0000  3.5700
    10.000  6.0000  3.5700
    10.000  6.3000  3.7500
    11.000  6.3000  3.7500
    12.000  6.3000  3.7500
    13.000  6.3000  3.7500
    14.000  6.3000  3.7500
    15.000  6.3000  3.7500
    16.000  6.3000  3.7500
    17.000  6.3000  3.7500
    18.000  6.3000  3.7500
    18.000  7.0000  4.1700
    19.000  7.0000  4.1700
    20.000  7.0000  4.1700
    21.000  7.0000  4.1700
    22.000  7.0000  4.1700
    23.000  7.0000  4.1700
    24.000  7.0000  4.1700
    25.000  7.0000  4.1700
    25.000  8.0000  4.7600
    26.000  8.0000  4.7600
    27.000  8.0000  4.7600
    28.000  8.0000  4.7600
    29.000  8.0000  4.7600
    30.000  8.0000  4.7600
    31.000  8.0000  4.7600
    32.000  8.0000  4.7600
    33.000  8.0000  4.7600
    34.000  8.0000  4.7600
    35.000  8.0000  4.7600
    36.000  8.0000  4.7600
    37.000  8.0000  4.7600
    38.000  8.0000  4.7600
    39.000  8.0000  4.7600
    40.000  8.0000  4.7600
    41.000  8.0000  4.7600
    42.000  8.0000  4.7600
    43.000  8.0000  4.7600
    44.000  8.0000  4.7600
    45.000  8.0000  4.7600
    46.000  8.0000  4.7600
    47.000  8.0000  4.7600
    48.000  8.0000  4.7600
    49.000  8.0000  4.7600
    50.000  8.0000  4.7600
    50.000  8.5000  5.0000
